-1.02938 5.35396 -0.317594 0.0993738 -4.75069 8.67763
-13.8723 11.9916 -0.913736 -0.600423 -5.90216 10.717
11.7346 19.6068 -0.32141 0.162517 -1.83941 9.09213
-9.91299 -1.12401 -0.38573 0.0724108 -2.04277 12.5606
-6.57456 10.9375 -0.700445 0.0252088 -14.9571 19.0719
-15.7177 6.27087 -0.537511 0.639236 -5.21801 14.8487
-18.6843 7.77221 -0.926655 0.189443 -13.4531 2.22874
-5.71967 15.0467 0.0123576 0.299036 -27.9817 -6.7169
-36.1115 -7.09041 0.194334 0.695421 -9.003 11.845
-5.43401 12.1512 -0.385307 0.329109 9.58015 27.699
-23.8727 17.7374 -1.06646 -0.522035 -17.8176 -0.211162
-36.9027 -3.4558 -0.884905 0.328929 -6.45672 8.66561
-29.9564 12.0588 -1.20814 -0.479927 -36.4797 -0.492412
-37.5225 17.8424 -0.638828 0.534511 -4.97067 1.99976