-0.260683 0.457114 -3.60204 4.6301 -0.411819 0.709647
-0.349705 0.494113 -3.94769 10.8193 -0.0212321 0.506074
-0.180814 0.301662 -8.33181 -2.32045 -0.30009 0.59695
-0.626368 0.175307 -7.86682 -2.81401 -0.10192 0.707934
0.0652359 0.966429 -9.73005 2.68006 0.293537 0.756795
0.306156 0.947364 6.28007 16.8672 0.335537 0.63939
0.539712 1.33393 -6.82571 6.95293 -0.00388442 0.409876
-0.138237 0.487902 -3.18781 14.4774 0.0971718 0.960164
-0.643006 0.371333 -13.2172 -9.10612 -0.0653956 0.304012
-0.146295 0.415619 6.27926 16.7308 -0.199846 0.409322
-0.338777 2.05677 -1.72583 12.9932 0.613203 1.01342
-0.821994 -0.00630572 6.79213 20.0235 0.407794 0.819883
-0.416346 0.687004 4.33901 22.0771 0.0168043 0.447368