-1.25681 -0.0898737 -0.976767 0.130885 -8.65139 2.14205 -4.19851 -0.570812 
-0.811971 0.510228 -1.18832 0.188408 0.214473 9.81481 -0.170237 2.24358 
0.569627 1.48118 -0.98418 0.771422 -1.46664 17.7151 1.14142 4.93531 
-0.938609 0.939591 -1.91993 0.771083 -4.11551 3.25951 -4.2065 1.47885 
-0.281365 0.853405 -0.273337 0.889385 -2.26528 13.5702 0.076405 3.52772 
0.140072 1.26175 -0.362131 1.4244 -9.67138 7.47044 3.1515 6.20546 
-1.00252 0.586436 -0.91916 0.518798 3.21606 15.4033 0.786945 3.84119 
-0.607249 0.42184 -0.197867 2.59352 -9.45972 -1.83627 6.08999 8.56359 
0.10585 1.2865 -1.15558 2.25022 -15.5642 -2.86049 3.60162 5.73271 
-0.726451 1.03868 -2.73306 -1.31601 -6.23363 5.28579 5.98933 7.44925 
-2.23834 1.00734 -2.58411 -0.8215 -0.683777 9.15689 1.72596 3.5706 
