-1.25782 -0.128168 -0.859347 0.248587 -9.97823 0.251649 0.861179 1.64438 
-0.662869 0.502798 -0.075594 1.0746 -4.36987 7.94126 -0.158096 1.26312 
-0.0666714 0.77183 -0.39985 0.655104 -5.7411 3.73194 0.229206 1.26877 
-0.295578 0.825591 -0.880701 0.949135 5.64137 12.6172 -0.0481981 1.53813 
0.00639356 0.982437 -0.435688 0.919588 -0.453715 17.1008 1.45834 2.46066 
-2.23464 -0.541917 -2.1183 -0.541952 -9.25346 8.04744 0.146686 0.684372 
-0.630489 0.352549 -1.10555 0.00539576 0.254654 9.26949 -0.412792 0.299029 
-0.50855 1.57006 -0.80404 1.19417 3.76318 15.1687 1.12319 1.72899 
0.126107 1.53802 0.291648 2.63109 -11.7423 0.270578 0.619395 1.76 
0.980983 2.21255 -1.65712 0.449713 -4.71386 9.28655 0.938263 1.43636 
-0.588725 0.502208 -1.44135 1.0673 -12.8798 -2.63224 0.791197 1.70487 
-0.840339 0.786382 -0.541257 1.16175 -18.2769 3.66748 -0.150134 0.513064 
-1.02718 0.172949 -2.5942 -0.6226 -6.19328 5.1065 0.269282 0.708246 
-1.52833 -0.111934 -1.6651 -0.331902 5.65676 15.1336 -0.595773 -0.236993 
